1  -0.000342667  0  0.0385998  
0  1  -0.000120939  0.00760293  
0  0.000543429  1  -0.0612216  
0  0  0  1  
1  0  0  0  
0  1  0  0  
0  0  1  0  
0  0  0  1  
1.01193  -0.00318412  6.63817e-05  -1.07976  
-0.00080462  1.01548  -0.00771825  -0.945384  
0.00117318  -0.00377816  1.0136  0.56465  
0  0  0  1  
1.01174  -0.00374764  -0.000597863  -0.98555  
0.00194335  1.00535  -0.0072722  -0.100642  
0.00170759  -0.00455578  1.01459  0.521812  
0  0  0  1  
1.01158  -0.0031861  0.000117876  -0.994817  
0.0013876  1.00826  -0.0108015  -0.328584  
0.00134057  -0.00373589  1.01471  0.470548  
0  0  0  1  
1.01146  -0.00149723  0.00416989  -1.43972  
-0.0012913  1.01482  -0.00557143  -1.04684  
0.00144553  -0.00330864  1.01465  0.475392  
0  0  0  1  
1.0113  -0.00391028  -0.000894447  -0.909105  
0.00320464  1.01594  0.00139263  -2.1397  
0.000734779  -0.00293606  1.01776  0.364611  
0  0  0  1  
1.01166  -0.00327622  -0.000291294  -0.999699  
0.00327134  1.01237  -0.00446373  -1.44625  
-0.000828177  -0.00317913  1.01651  0.608624  
0  0  0  1  
1.01116  -0.00351865  0.0041947  -1.26654  
0.000350709  1.01306  -0.0157277  -0.329474  
0.00294046  -0.00366513  1.01518  0.26976  
0  0  0  1  
1.01135  -0.00383622  -0.000192226  -0.967138  
0.00328591  1.00658  -0.010525  -0.288609  
0.00166977  -0.00367865  1.01474  0.453765  
0  0  0  1  
1.01161  -0.00374557  0.00462095  -1.33275  
0.00110508  1.01317  -0.0122393  -0.677711  
0.00156492  -0.0036573  1.01548  0.442855  
0  0  0  1  
1.01095  -0.00369613  0.000272503  -0.935218  
0.00278543  1.02388  0.00537159  -3.00599  
0.00157616  -0.00299424  1.01417  0.479323  
0  0  0  1  
1.01111  -0.00352809  0.00440941  -1.23549  
0.00275626  1.02315  -0.00293307  -2.59269  
0.000434575  -0.00253036  1.01374  0.600615  
0  0  0  1  
1.01146  -0.00334364  0.000845841  -1.05173  
0.00234601  1.01932  -0.00430674  -2.09326  
0.000973372  -0.0030618  1.01352  0.581128  
0  0  0  1  
1.01154  -0.00309006  -0.00149467  -0.989168  
0.00310649  1.01202  0.000817172  -1.84074  
0.000650974  -0.00261076  1.01808  0.380297  
0  0  0  1  
1.01169  -0.00233594  0.00368426  -1.34511  
0.0028746  1.00806  -0.00941903  -0.581314  
3.07845e-05  -0.00408712  1.01451  0.756202  
0  0  0  1  
1.01146  -0.00258742  0.006707  -1.51333  
0.00302643  1.01437  -0.00156963  -1.93733  
0.00094793  -0.00403091  1.01779  0.500848  
0  0  0  1  
1.01154  -0.00247827  0.00267128  -1.34201  
0.00307212  1.01632  0.00671205  -2.7692  
0.000608942  -0.00388863  1.01698  0.619751  
0  0  0  1  
1.01159  -0.00401861  0.000459202  -0.99358  
0.00255079  1.01535  -0.00877798  -1.57146  
-0.00102615  -0.0029898  1.01826  0.705381  
0  0  0  1  
1.01151  -0.00363723  0.000379496  -1.02763  
0.00274009  1.01477  -0.00745659  -1.62639  
-0.000356835  -0.0032945  1.01849  0.638956  
0  0  0  1  
1.01124  -0.00354387  0.00235739  -1.17749  
0.00240805  1.02145  0.0065484  -3.03836  
0.000763333  -0.00417399  1.01521  0.74746  
0  0  0  1  
1.01119  -0.0027727  0.0063263  -1.39255  
0.00318649  1.01057  -0.00186649  -1.3581  
-0.00030244  -0.00371131  1.01626  0.781247  
0  0  0  1  
1.01108  -0.00399716  0.00284712  -1.19759  
0.00246848  1.0095  -0.0112018  -0.554014  
0.000767321  -0.00421859  1.01759  0.667159  
0  0  0  1  
1.01148  -0.00194238  0.00657417  -1.53299  
0.00262429  1.01413  -0.0019488  -1.90324  
0.000865651  -0.00418889  1.01944  0.606235  
0  0  0  1  
1.01147  -0.00358086  0.00390068  -1.27669  
0.00110904  1.01632  -0.00679736  -1.59208  
0.000356761  -0.00428599  1.01814  0.7489  
0  0  0  1  
1.0114  -0.00378972  0.00359857  -1.23403  
0.00239684  1.01177  -0.0107644  -1.00593  
0.00118428  -0.00575713  1.01808  0.790829  
0  0  0  1  
1.01118  -0.00398092  0.00262513  -1.09851  
0.00327286  1.01656  -0.00102399  -2.30332  
0.00111834  -0.00555888  1.02113  0.730908  
0  0  0  1  
1.01088  -0.00458569  0.000748056  -0.874073  
0.00341867  1.02157  0.00707682  -3.2828  
0.00104892  -0.00553292  1.01782  0.890091  
0  0  0  1  
1.01158  -0.0045104  0.00174631  -1.06233  
0.00297623  1.01824  -0.00557944 1